870999.61999512 6616999.92999268 202.83000183 104 117 96 784.000000 0.000000
870999.50000000 6616999.94000244 202.77000427 90 108 80 161.000000 0.000000
870999.77001953 6616999.54998779 203.42999268 147 157 161 441.000000 0.000000
870999.88000488 6616999.92999268 203.05000305 87 105 92 310.000000 0.000000
870996.29998779 6616997.32000732 200.77000427 186 190 209 1196.000000 0.000000
870996.41998291 6616997.65002441 201.32000732 231 232 240 4190.000000 0.000000
870996.96997070 6616997.19000244 199.99000549 196 202 214 756.000000 0.000000
870997.65997314 6616997.22998047 200.33999634 234 236 241 943.000000 0.000000
870996.63000488 6616997.30999756 200.86999512 190 197 212 788.000000 0.000000
870997.34002686 6616997.14001465 200.50000000 196 201 212 1322.000000 0.000000
870997.01000977 6616997.29998779 201.19999695 202 208 219 1055.000000 0.000000
870997.32000732 6616997.40002441 201.19000244 208 215 223 2142.000000 0.000000
870997.40002441 6616997.89001465 201.27999878 247 250 251 2910.000000 0.000000
870997.69000244 6616997.61999512 200.77000427 246 248 250 1343.000000 0.000000
870996.42999268 6616998.15002441 201.33999634 244 247 249 4335.000000 0.000000
870996.34002686 6616998.61999512 201.28999329 222 228 235 719.000000 0.000000
870996.76000977 6616998.22998047 201.33999634 243 246 249 5228.000000 0.000000
870997.08001709 6616998.30999756 201.30000305 245 247 249 2973.000000 0.000000
870997.38000488 6616998.38000488 201.24000549 241 245 248 980.000000 0.000000
870997.72998047 6616998.20001221 200.74000549 242 246 249 561.000000 0.000000
870996.42999268 6616997.46997070 201.27999878 207 209 223 730.000000 0.000000
870996.47998047 6616998.00000000 201.33999634 243 246 249 4589.000000 0.000000
870996.77001953 6616997.40002441 201.30999756 204 209 222 815.000000 0.000000
870997.09002686 6616997.29998779 201.25000000 203 210 220 216.000000 0.000000
870996.82000732 6616997.90997314 201.33999634 245 248 249 4296.000000 0.000000
870997.16998291 6616997.82000732 201.30999756 245 248 249 4226.000000 0.000000
870997.48999023 6616997.72998047 201.24000549 242 245 248 2307.000000 0.000000
870997.78002930 6616997.45001221 200.61000061 243 244 248 502.000000 0.000000
870997.89001465 6616997.91998291 200.61999512 246 248 249 946.000000 0.000000
870996.28997803 6616998.53997803 201.28999329 236 240 245 3864.000000 0.000000
870997.97998047 6616998.15997314 199.96000671 240 242 245 611.000000 0.000000
870997.98999023 6616998.32000732 200.41999817 234 236 242 566.000000 0.000000
870997.38000488 6616998.60998535 200.78999329 160 188 194 2316.000000 0.000000
870996.64001465 6616998.45001221 201.28999329 240 245 248 3416.000000 0.000000
870996.96997070 6616998.36999512 201.30000305 244 247 249 4315.000000 0.000000
870997.29998779 6616998.28997803 201.27999878 243 246 249 4727.000000 0.000000
870997.67999268 6616998.50000000 200.75000000 202 214 223 2635.000000 0.000000
870997.60998535 6616998.17999268 201.22999573 245 249 250 1761.000000 0.000000
870998.61999512 6616999.83001709 202.66000366 76 92 73 636.000000 0.000000
870998.95001221 6616999.90997314 202.66999817 69 83 62 619.000000 0.000000
870998.40997314 6616999.79998779 203.08999634 114 127 122 79.000000 0.000000
870999.05999756 6616999.57000732 200.05000305 146 152 153 238.000000 0.000000
870999.15997314 6616999.97998047 202.77999878 69 75 52 1025.000000 0.000000
870998.72998047 6616999.73999023 203.24000549 112 140 140 457.000000 0.000000
870999.04998779 6616999.67999268 203.38999939 95 110 92 604.000000 0.000000
870999.53997803 6616996.20001221 199.91000366 206 201 203 1699.000000 2.000000
870999.51000977 6616996.72998047 199.91999817 210 202 205 1949.000000 2.000000
870999.86999512 6616996.28002930 199.92999268 222 214 212 3670.000000 2.000000
870999.84002686 6616996.79998779 199.94999695 191 191 179 3112.000000 2.000000
870999.63000488 6616997.28997803 199.96000671 197 192 198 2214.000000 2.000000
870999.96002197 6616997.36999512 199.97000122 185 185 176 3775.000000 2.000000
870999.66998291 6616997.83001709 199.97999573 162 161 152 3887.000000 2.000000
870999.98999023 6616997.90997314 200.00000000 183 176 171 2604.000000 2.000000
870999.59997559 6616998.36999512 199.97000122 156 144 132 3424.000000 2.000000
870999.94000244 6616998.44000244 200.00000000 126 125 98 2394.000000 2.000000
870999.67999268 6616998.90997314 199.99000549 206 195 200 4193.000000 2.000000
870999.47998047 6616996.76000977 199.92999268 208 200 203 2124.000000 2.000000
870999.83001709 6616996.66998291 199.94000244 196 198 191 497.000000 2.000000
870999.60998535 6616997.26000977 199.96000671 194 189 196 1710.000000 2.000000
870999.95001221 6616997.16998291 199.96000671 215 211 209 541.000000 2.000000
870999.72998047 6616997.75000000 199.97999573 128 126 103 2936.000000 2.000000
870999.46997070 6616998.34002686 199.96000671 181 166 163 1057.000000 2.000000
870999.83001709 6616998.26000977 199.99000549 132 134 113 2159.000000 2.000000
870999.63000488 6616998.84997559 199.99000549 204 193 197 820.000000 2.000000
870999.96997070 6616998.77001953 200.00000000 183 173 175 2303.000000 2.000000
870999.75000000 6616999.38000488 200.02999878 182 179 191 77.000000 2.000000
870999.59997559 6616999.90997314 200.02999878 100 114 91 2323.000000 2.000000
870999.67999268 6616999.41998291 200.02999878 159 164 172 3382.000000 2.000000
870999.47998047 6616999.96002197 200.03999329 90 108 80 202.000000 2.000000
870996.22998047 6616996.54998779 199.80999756 123 137 154 1317.000000 2.000000
870996.27001953 6616997.09997559 199.83000183 205 203 217 2894.000000 2.000000
870996.80999756 6616996.16998291 199.83999634 59 62 56 255.000000 2.000000
870997.14001465 6616996.23999023 199.80000305 83 102 102 850.000000 2.000000
870997.47998047 6616996.28997803 199.80999756 116 138 146 1183.000000 2.000000
870996.58001709 6616996.63000488 199.80000305 187 185 205 1275.000000 2.000000
870996.91998291 6616996.71997070 199.80000305 171 181 198 1264.000000 2.000000
870997.25000000 6616996.78002930 199.83999634 169 179 195 1713.000000 2.000000
870997.83001709 6616996.38000488 199.80999756 106 128 124 1255.000000 2.000000
870998.16998291 6616996.46002197 199.82000732 172 180 191 1307.000000 2.000000
870997.58001709 6616996.84997559 199.86000061 114 141 141 2144.000000 2.000000
870997.90997314 6616996.94000244 199.83999634 84 89 82 1968.000000 2.000000
870998.51000977 6616996.53997803 199.82000732 195 190 212 1602.000000 2.000000
870998.25000000 6616997.02001953 199.82000732 84 104 93 1430.000000 2.000000
870996.60998535 6616997.14001465 199.86999512 202 201 216 1677.000000 2.000000
870997.97998047 6616997.46002197 199.91000366 227 229 238 942.000000 2.000000
870998.59002686 6616997.09997559 199.83000183 99 108 93 1235.000000 2.000000
870997.96002197 6616998.05999756 199.91000366 245 247 248 742.000000 2.000000
870998.28002930 6616997.57000732 199.83999634 120 138 133 1042.000000 2.000000
870996.21997070 6616999.15997314 199.89999390 58 70 47 719.000000 2.000000
870996.54998779 6616999.25000000 199.86999512 148 167 176 824.000000 2.000000
870997.28997803 6616998.91998291 199.86000061 59 67 58 198.000000 2.000000
870997.96002197 6616998.57000732 199.86999512 200 209 215 898.000000 2.000000
870998.26000977 6616998.09997559 199.88000488 149 159 165 857.000000 2.000000
870998.59002686 6616998.16998291 199.88000488 78 88 79 982.000000 2.000000
870997.61999512 6616999.00000000 199.86000061 133 153 144 1077.000000 2.000000
870997.96002197 6616999.08001709 199.86000061 180 193 204 1297.000000 2.000000
870998.29998779 6616998.65002441 199.86000061 92 99 106 862.000000 2.000000
870996.89001465 6616999.33001709 199.88000488 201 209 217 1094.000000 2.000000
870998.29998779 6616999.16998291 199.86000061 185 193 198 1450.000000 2.000000
870999.19000244 6616996.14001465 199.86000061 192 184 179 1525.000000 2.000000
870998.84002686 6616996.60998535 199.83000183 131 140 122 2290.000000 2.000000
870999.16998291 6616996.66998291 199.86999512 186 186 190 2086.000000 2.000000
870998.94000244 6616997.16998291 199.86000061 126 144 141 1529.000000 2.000000
870999.29998779 6616997.21002197 199.92999268 155 154 141 2592.000000 2.000000
870998.63000488 6616997.64001465 199.86000061 78 77 71 1122.000000 2.000000
870998.96997070 6616997.71997070 199.88000488 114 122 116 1200.000000 2.000000
870999.33001709 6616997.76000977 199.94000244 182 178 188 2429.000000 2.000000
870998.91998291 6616998.23999023 199.88999939 162 164 168 1074.000000 2.000000
870998.65002441 6616998.72998047 199.86999512 105 125 101 1345.000000 2.000000
870999.00000000 6616998.78002930 199.91000366 182 179 190 1398.000000 2.000000
870999.27001953 6616998.28997803 199.94999695 199 189 191 2300.000000 2.000000
870999.34002686 6616998.84002686 199.96000671 186 180 184 2375.000000 2.000000
870998.65002441 6616999.23999023 199.88000488 168 176 185 2247.000000 2.000000
870999.00000000 6616999.28997803 199.94999695 194 193 201 1973.000000 2.000000
870999.34002686 6616999.35998535 200.00000000 188 189 195 2166.000000 2.000000
870996.17999268 6616996.40002441 199.83999634 86 95 102 1220.000000 2.000000
870996.28997803 6616996.90002441 199.80999756 197 191 212 622.000000 2.000000
870996.86999512 6616996.22998047 199.82000732 73 81 80 1090.000000 2.000000
870996.52001953 6616996.32000732 199.83999634 69 74 69 1169.000000 2.000000
870997.21002197 6616996.15002441 199.83999634 62 73 64 918.000000 2.000000
870996.64001465 6616996.82000732 199.80999756 188 187 205 706.000000 2.000000
870996.98999023 6616996.73999023 199.80999756 176 183 199 904.000000 2.000000
870997.33001709 6616996.65002441 199.80999756 163 175 192 1051.000000 2.000000
870998.00000000 6616996.51000977 199.82000732 134 148 147 1072.000000 2.000000
870998.34997559 6616996.41998291 199.82000732 188 190 200 1208.000000 2.000000
870997.65997314 6616996.58001709 199.80999756 80 99 87 1396.000000 2.000000
870998.09997559 6616997.02001953 199.82000732 105 126 123 1159.000000 2.000000
870997.77001953 6616997.11999512 199.89999390 197 206 217 543.000000 2.000000
870998.20001221 6616997.53997803 199.83999634 156 169 173 1129.000000 2.000000
870998.54998779 6616997.46002197 199.83999634 103 122 101 911.000000 2.000000
870998.32000732 6616998.04998779 199.88000488 149 159 165 788.000000 2.000000
870996.34997559 6616999.08001709 199.88999939 57 70 47 735.000000 2.000000
870996.70001221 6616999.01000977 199.91000366 60 84 70 882.000000 2.000000
870997.40002441 6616998.78997803 199.86999512 109 146 145 805.000000 2.000000
870997.03997803 6616998.90002441 199.91000366 58 69 52 962.000000 2.000000
870998.44000244 6616998.55999756 199.86999512 95 112 98 424.000000 2.000000
870997.75000000 6616998.71997070 199.86999512 100 131 119 860.000000 2.000000
870998.09997559 6616998.63000488 199.86999512 111 134 128 796.000000 2.000000
870997.21002197 6616999.38000488 199.86999512 201 209 216 1142.000000 2.000000
870997.53997803 6616999.29998779 199.86999512 201 208 215 590.000000 2.000000
870999.04998779 6616996.25000000 199.83999634 179 182 180 1104.000000 2.000000
870999.41998291 6616996.21002197 199.89999390 207 201 204 1557.000000 2.000000
870998.78002930 6616996.86999512 199.83999634 101 111 91 1530.000000 2.000000
870999.10998535 6616996.78002930 199.85000610 182 183 188 1637.000000 2.000000
870998.90997314 6616997.38000488 199.86999512 106 111 101 1239.000000 2.000000
870999.26000977 6616997.32000732 199.92999268 138 139 119 1349.000000 2.000000
870998.66998291 6616997.96002197 199.86999512 76 79 66 858.000000 2.000000
870999.02001953 6616997.86999512 199.89999390 172 171 183 1138.000000 2.000000
870999.39001465 6616997.84002686 199.96000671 191 184 190 1633.000000 2.000000
870998.78002930 6616998.47998047 199.88999939 112 122 113 435.000000 2.000000
870999.10998535 6616998.38000488 199.88000488 197 191 201 426.000000 2.000000
870998.57000732 6616999.05999756 199.86999512 168 178 184 425.000000 2.000000
870998.91998291 6616998.96002197 199.88999939 170 172 175 215.000000 2.000000
870999.28002930 6616998.91998291 199.96000671 186 180 184 362.000000 2.000000
870996.29998779 6616999.72998047 199.88000488 156 164 165 1979.000000 2.000000
870997.23999023 6616999.41998291 199.86999512 194 199 208 1665.000000 2.000000
870996.63000488 6616999.79998779 199.88999939 140 151 144 1778.000000 2.000000
870996.96002197 6616999.88000488 199.88999939 111 127 112 1210.000000 2.000000
870997.28997803 6616999.96002197 199.89999390 97 118 104 1616.000000 2.000000
870997.59002686 6616999.48999023 199.86999512 160 177 176 2234.000000 2.000000
870997.91998291 6616999.58001709 199.86999512 114 130 112 1733.000000 2.000000
870998.25000000 6616999.65002441 199.86000061 152 169 173 1243.000000 2.000000
870998.59002686 6616999.71002197 199.91999817 126 143 148 1802.000000 2.000000
870998.90997314 6616999.77001953 199.99000549 94 109 93 2968.000000 2.000000
870999.26000977 6616999.83001709 200.02999878 76 78 63 783.000000 2.000000
870996.17999268 6616999.64001465 199.88000488 147 160 160 1882.000000 2.000000
870996.53002930 6616999.54998779 199.88000488 198 200 211 1400.000000 2.000000
870996.86999512 6616999.46997070 199.88000488 207 206 219 1870.000000 2.000000
870996.96997070 6616999.97998047 199.88999939 112 127 112 1038.000000 2.000000
870997.30999756 6616999.90997314 199.88999939 97 118 104 1136.000000 2.000000
870997.64001465 6616999.80999756 199.88000488 127 147 127 551.000000 2.000000
870997.97998047 6616999.72998047 199.86999512 140 147 131 291.000000 2.000000
870998.67999268 6616999.59002686 199.92999268 139 159 158 404.000000 2.000000
870999.40002441 6616999.46002197 200.02000427 167 171 168 477.000000 2.000000
870999.61999512 6616999.92999268 202.83000183 104 117 96 784.000000 0.000000
870999.50000000 6616999.94000244 202.77000427 90 108 80 161.000000 0.000000
870999.77001953 6616999.54998779 203.42999268 147 157 161 441.000000 0.000000
870999.88000488 6616999.92999268 203.05000305 87 105 92 310.000000 0.000000
870996.29998779 6616997.32000732 200.77000427 186 190 209 1196.000000 0.000000
870996.41998291 6616997.65002441 201.32000732 231 232 240 4190.000000 0.000000
870996.96997070 6616997.19000244 199.99000549 196 202 214 756.000000 0.000000
870997.65997314 6616997.22998047 200.33999634 234 236 241 943.000000 0.000000
870996.63000488 6616997.30999756 200.86999512 190 197 212 788.000000 0.000000
870997.34002686 6616997.14001465 200.50000000 196 201 212 1322.000000 0.000000
870997.01000977 6616997.29998779 201.19999695 202 208 219 1055.000000 0.000000
870997.32000732 6616997.40002441 201.19000244 208 215 223 2142.000000 0.000000
870997.40002441 6616997.89001465 201.27999878 247 250 251 2910.000000 0.000000
870997.69000244 6616997.61999512 200.77000427 246 248 250 1343.000000 0.000000
870996.42999268 6616998.15002441 201.33999634 244 247 249 4335.000000 0.000000
870996.34002686 6616998.61999512 201.28999329 222 228 235 719.000000 0.000000
870996.76000977 6616998.22998047 201.33999634 243 246 249 5228.000000 0.000000
870997.08001709 6616998.30999756 201.30000305 245 247 249 2973.000000 0.000000
870997.38000488 6616998.38000488 201.24000549 241 245 248 980.000000 0.000000
870997.72998047 6616998.20001221 200.74000549 242 246 249 561.000000 0.000000
870996.42999268 6616997.46997070 201.27999878 207 209 223 730.000000 0.000000
870996.47998047 6616998.00000000 201.33999634 243 246 249 4589.000000 0.000000
870996.77001953 6616997.40002441 201.30999756 204 209 222 815.000000 0.000000
870997.09002686 6616997.29998779 201.25000000 203 210 220 216.000000 0.000000
870996.82000732 6616997.90997314 201.33999634 245 248 249 4296.000000 0.000000
870997.16998291 6616997.82000732 201.30999756 245 248 249 4226.000000 0.000000
870997.48999023 6616997.72998047 201.24000549 242 245 248 2307.000000 0.000000
870997.78002930 6616997.45001221 200.61000061 243 244 248 502.000000 0.000000
870997.89001465 6616997.91998291 200.61999512 246 248 249 946.000000 0.000000
870996.28997803 6616998.53997803 201.28999329 236 240 245 3864.000000 0.000000
870997.97998047 6616998.15997314 199.96000671 240 242 245 611.000000 0.000000
870997.98999023 6616998.32000732 200.41999817 234 236 242 566.000000 0.000000
870997.38000488 6616998.60998535 200.78999329 160 188 194 2316.000000 0.000000
870996.64001465 6616998.45001221 201.28999329 240 245 248 3416.000000 0.000000
870996.96997070 6616998.36999512 201.30000305 244 247 249 4315.000000 0.000000
870997.29998779 6616998.28997803 201.27999878 243 246 249 4727.000000 0.000000
870997.67999268 6616998.50000000 200.75000000 202 214 223 2635.000000 0.000000
870997.60998535 6616998.17999268 201.22999573 245 249 250 1761.000000 0.000000
870998.61999512 6616999.83001709 202.66000366 76 92 73 636.000000 0.000000
870998.95001221 6616999.90997314 202.66999817 69 83 62 619.000000 0.000000
870998.40997314 6616999.79998779 203.08999634 114 127 122 79.000000 0.000000
870999.05999756 6616999.57000732 200.05000305 146 152 153 238.000000 0.000000
870999.15997314 6616999.97998047 202.77999878 69 75 52 1025.000000 0.000000
870998.72998047 6616999.73999023 203.24000549 112 140 140 457.000000 0.000000
870999.04998779 6616999.67999268 203.38999939 95 110 92 604.000000 0.000000
